10
129
0.009811 0.000000 0.000000 0.000000 0.000000 0.000000 0.592822 0.000000 0.270510 0.126857 
0.002939 0.000000 0.000000 0.000000 0.000000 0.000000 0.233502 0.613975 0.103016 0.046567 
0.013626 0.000000 0.000000 0.000000 0.000000 0.000000 0.595357 0.000000 0.264611 0.126406 
0.024296 0.000000 -0.000000 -0.000000 -0.000000 -0.000000 0.584577 -0.000000 0.233906 0.157220 
0.009305 0.000000 -0.000000 -0.000000 -0.000000 -0.000000 0.268254 0.549109 0.106458 0.066873 
0.024920 -0.000000 -0.000000 -0.000000 -0.000000 -0.000000 0.587856 0.000000 0.235218 0.152005 
0.500000 0.500000 -0.000000 -0.000000 -0.000000 -0.000000 -0.000000 -0.000000 -0.000000 -0.000000 
1.000000 0.000000 0.000000 0.000000 0.000000 0.000000 0.000000 -0.000000 0.000000 0.000000 
0.008863 0.000000 -0.000000 0.000000 0.000000 0.096612 0.535548 0.000000 0.244376 0.114601 
0.002831 -0.000000 -0.000000 -0.000000 -0.000000 0.036704 0.224932 0.591440 0.099235 0.044858 
0.012311 -0.000000 0.000000 0.000000 0.000000 0.096510 0.537900 0.000000 0.239073 0.114206 
0.021488 -0.000000 0.000000 0.000000 0.000000 0.115572 0.517017 0.000000 0.206873 0.139050 
0.008824 0.000000 0.000000 0.000000 0.000000 0.051788 0.254362 0.520672 0.100945 0.063410 
0.022117 0.000000 0.000000 0.000000 0.000000 0.112510 0.521717 0.000000 0.208754 0.134903 
0.009034 0.000000 -0.000000 -0.000000 0.079205 0.000000 0.545867 0.000000 0.249084 0.116809 
0.002851 0.000000 0.000000 0.000000 0.029746 -0.000000 0.226557 0.595712 0.099952 0.045182 
0.012552 0.000000 -0.000000 0.000000 0.078825 0.000000 0.548428 0.000000 0.243753 0.116442 
0.022537 0.000000 0.000000 0.000000 0.072427 0.000000 0.542238 0.000000 0.216965 0.145833 
0.009005 -0.000000 0.000000 0.000000 0.032336 0.000000 0.259580 0.531353 0.103016 0.064711 
0.023096 0.000000 0.000000 0.000000 0.073223 0.000000 0.544812 -0.000000 0.217995 0.140875 
0.020100 0.000000 0.000000 0.000000 0.064597 0.108106 0.483619 0.000000 0.193510 0.130068 
0.008553 0.000000 0.000000 0.000000 0.030712 0.050197 0.246550 0.504681 0.097845 0.061463 
0.020667 0.000000 0.000000 0.000000 0.065524 0.105138 0.487532 0.000000 0.195075 0.126064 
0.008224 0.000000 0.000000 0.000000 0.072105 0.089646 0.496933 0.000000 0.226755 0.106337 
0.002750 0.000000 -0.000000 0.000000 0.028685 0.035651 0.218480 0.574474 0.096388 0.043571 
0.011428 0.000000 -0.000000 -0.000000 0.071763 0.089584 0.499298 -0.000000 0.221917 0.106011 
0.008984 0.000000 0.000000 0.084329 0.000000 0.000000 0.542830 0.000000 0.247698 0.116159 
0.002845 -0.000000 0.000000 0.031902 0.000000 0.000000 0.226053 0.594388 0.099730 0.045082 
0.012472 -0.000000 0.000000 0.084711 0.000000 0.000000 0.544924 0.000000 0.242196 0.115698 
0.022268 -0.000000 -0.000000 0.083494 -0.000000 0.000000 0.535769 0.000000 0.214376 0.144093 
0.008958 -0.000000 0.000000 0.037364 0.000000 0.000000 0.258231 0.528592 0.102481 0.064375 
0.022829 -0.000000 0.000000 0.083923 0.000000 0.000000 0.538522 0.000000 0.215478 0.139248 
0.019886 -0.000000 0.000000 0.074564 0.000000 0.106954 0.478466 -0.000000 0.191448 0.128682 
0.008510 -0.000000 0.000000 0.035498 0.000000 0.049949 0.245333 0.502189 0.097362 0.061159 
0.020454 0.000000 0.000000 0.075191 0.000000 0.104050 0.482488 0.000000 0.193057 0.124760 
0.008182 0.000000 0.000000 0.076808 0.000000 0.089192 0.494414 0.000000 0.225606 0.105799 
0.002744 -0.000000 0.000000 0.030768 0.000000 0.035575 0.218011 0.573243 0.096182 0.043478 
0.011361 -0.000000 0.000000 0.077166 0.000000 0.089062 0.496392 0.000000 0.220625 0.105394 
0.007635 -0.000000 0.000000 0.071666 0.066937 0.083222 0.461319 0.000000 0.210504 0.098717 
0.002668 -0.000000 0.000000 0.029911 0.027827 0.034585 0.211945 0.557291 0.093505 0.042268 
0.010605 -0.000000 0.000000 0.072027 0.066594 0.083131 0.463335 0.000000 0.205933 0.098375 
0.018692 0.000000 0.000000 0.070085 0.060070 0.100530 0.449724 0.000000 0.179948 0.120952 
0.008258 -0.000000 0.000000 0.034445 0.029654 0.048468 0.238057 0.487297 0.094475 0.059346 
0.019208 -0.000000 0.000000 0.070612 0.060898 0.097714 0.453106 0.000000 0.181301 0.117162 
0.020781 -0.000000 0.000000 0.077918 0.066784 0.000000 0.499988 0.000000 0.200060 0.134470 
0.008679 -0.000000 0.000000 0.036200 0.031165 0.000000 0.250183 0.512118 0.099287 0.062369 
0.021288 -0.000000 0.000000 0.078259 0.067492 0.000000 0.502176 0.000000 0.200935 0.129850 
0.008328 -0.000000 0.000000 0.078172 0.073014 0.000000 0.503196 0.000000 0.229613 0.107678 
0.002763 -0.000000 0.000000 0.030983 0.028824 0.000000 0.219537 0.577255 0.096855 0.043782 
0.011566 -0.000000 -0.000000 0.078558 0.072632 0.000000 0.505345 -0.000000 0.224604 0.107294 
0.009147 -0.000000 0.067650 -0.000000 -0.000000 -0.000000 0.552718 -0.000000 0.252210 0.118275 
0.002863 -0.000000 0.025686 0.000000 0.000000 0.000000 0.227505 0.598205 0.100370 0.045371 
0.012687 0.000000 0.068957 -0.000000 -0.000000 -0.000000 0.554303 -0.000000 0.246364 0.117689 
0.021987 -0.000000 0.095062 0.000000 0.000000 0.000000 0.529006 -0.000000 0.211671 0.142275 
0.008914 -0.000000 0.042050 -0.000000 -0.000000 -0.000000 0.256974 0.526019 0.101982 0.064061 
0.022634 0.000000 0.091737 -0.000000 -0.000000 -0.000000 0.533928 -0.000000 0.213640 0.138060 
0.019662 -0.000000 0.085009 -0.000000 -0.000000 0.105747 0.473065 -0.000000 0.189287 0.127230 
0.008471 -0.000000 0.039959 0.000000 0.000000 0.049718 0.244198 0.499866 0.096911 0.060876 
0.020297 0.000000 0.082265 -0.000000 -0.000000 0.103254 0.478798 -0.000000 0.191581 0.123805 
0.008318 -0.000000 0.061516 -0.000000 -0.000000 0.090669 0.502603 -0.000000 0.229343 0.107551 
0.002761 -0.000000 0.024767 0.000000 0.000000 0.035795 0.219361 0.576792 0.096777 0.043747 
0.011539 -0.000000 0.062720 -0.000000 -0.000000 0.090457 0.504163 -0.000000 0.224079 0.107043 
0.007753 -0.000000 0.057335 -0.000000 0.067971 0.084506 0.468441 -0.000000 0.213754 0.100241 
0.002684 -0.000000 0.024074 0.000000 0.027995 0.034793 0.213220 0.560645 0.094068 0.042522 
0.010759 -0.000000 0.058482 -0.000000 0.067566 0.084345 0.470098 -0.000000 0.208939 0.099811 
0.018493 0.000000 0.079957 0.000000 0.059432 0.099462 0.444950 0.000000 0.178037 0.119668 
0.008221 -0.000000 0.038779 0.000000 0.029521 0.048250 0.236989 0.485109 0.094050 0.059079 
0.019070 -0.000000 0.077291 0.000000 0.060460 0.097012 0.449850 0.000000 0.179998 0.116320 
0.020536 0.000000 0.088788 -0.000000 0.065996 -0.000000 0.494094 -0.000000 0.197701 0.132885 
0.008638 -0.000000 0.040745 0.000000 0.031018 0.000000 0.249003 0.509703 0.098818 0.062074 
0.021119 -0.000000 0.085595 -0.000000 0.066955 -0.000000 0.498179 -0.000000 0.199336 0.128817 
0.008468 -0.000000 0.062627 -0.000000 0.074245 -0.000000 0.511681 -0.000000 0.233485 0.109494 
0.002780 -0.000000 0.024941 -0.000000 0.029004 -0.000000 0.220906 0.580854 0.097459 0.044055 
0.011750 -0.000000 0.063869 -0.000000 0.073790 0.000000 0.513401 0.000000 0.228185 0.109005 
0.007845 0.000000 0.058015 0.073637 0.068778 -0.000000 0.474003 -0.000000 0.216292 0.101431 
0.002696 -0.000000 0.024187 0.030234 0.028127 0.000000 0.214227 0.563293 0.094512 0.042723 
0.010882 0.000000 0.059148 0.073911 0.068336 -0.000000 0.475455 -0.000000 0.211319 0.100948 
0.019067 -0.000000 0.082440 0.071494 0.061278 -0.000000 0.458769 -0.000000 0.183567 0.123385 
0.008337 0.000000 0.039328 0.034776 0.029939 -0.000000 0.240344 0.491977 0.095382 0.059916 
0.019597 0.000000 0.079429 0.072043 0.062132 -0.000000 0.462288 -0.000000 0.184975 0.119536 
0.017294 -0.000000 0.074772 0.064844 0.055578 0.093013 0.416098 -0.000000 0.166493 0.111908 
0.007948 -0.000000 0.037494 0.033154 0.028543 0.046651 0.229132 0.469026 0.090932 0.057121 
0.017821 -0.000000 0.072228 0.065512 0.056499 0.090656 0.420379 -0.000000 0.168206 0.108700 
0.007227 -0.000000 0.053445 0.067836 0.063360 0.078774 0.436664 -0.000000 0.199254 0.093441 
0.002605 -0.000000 0.023370 0.029212 0.027177 0.033777 0.206991 0.544267 0.091320 0.041280 
0.010027 -0.000000 0.054499 0.068102 0.062965 0.078601 0.438084 -0.000000 0.194709 0.093014 
0.007715 -0.000000 0.057061 0.072425 0.000000 0.084102 0.466202 0.000000 0.212733 0.099762 
0.002678 -0.000000 0.024023 0.030028 0.000000 0.034720 0.212774 0.559472 0.093871 0.042433 
0.010700 -0.000000 0.058161 0.072678 0.000000 0.083882 0.467521 0.000000 0.207793 0.099264 
0.018312 -0.000000 0.079173 0.068660 -0.000000 0.098486 0.440584 0.000000 0.176290 0.118494 
0.008182 -0.000000 0.038595 0.034128 0.000000 0.048021 0.235864 0.482807 0.093604 0.058799 
0.018888 -0.000000 0.076553 0.069435 -0.000000 0.096085 0.445552 -0.000000 0.178278 0.115209 
0.020312 0.000000 0.087822 0.076161 -0.000000 -0.000000 0.488716 0.000000 0.195549 0.131439 
0.008595 -0.000000 0.040542 0.035849 -0.000000 -0.000000 0.247762 0.507161 0.098326 0.061765 
0.020896 -0.000000 0.084691 0.076815 0.000000 0.000000 0.492914 0.000000 0.197229 0.127455 
0.008424 0.000000 0.062300 0.079075 -0.000000 -0.000000 0.509012 -0.000000 0.232267 0.108922 
0.002774 -0.000000 0.024887 0.031109 -0.000000 -0.000000 0.220427 0.579595 0.097248 0.043960 
0.011680 -0.000000 0.063487 0.079333 -0.000000 -0.000000 0.510329 -0.000000 0.226819 0.108353 
0.000000 0.000000 0.000000 0.000000 0.000000 0.000000 0.000000 -0.000000 0.000000 0.000000 
0.200000 0.200000 0.200000 0.200000 -0.000000 0.200000 -0.000000 -0.000000 -0.000000 -0.000000 
0.333333 0.333333 0.333333 0.000000 0.000000 0.000000 -0.000000 0.000000 -0.000000 -0.000000 
0.500000 0.000000 0.500000 0.000000 0.000000 0.000000 0.000000 0.000000 0.000000 0.000000 
0.200000 0.200000 0.200000 0.200000 0.200000 0.000000 0.000000 -0.000000 0.000000 0.000000 
0.200000 0.200000 0.200000 0.000000 0.200000 0.200000 -0.000000 -0.000000 -0.000000 -0.000000 
0.166667 0.166667 0.166667 0.166667 0.166667 0.166667 -0.000000 -0.000000 -0.000000 -0.000000 
0.333333 -0.000000 0.333333 0.000000 0.333333 0.000000 -0.000000 -0.000000 -0.000000 -0.000000 
0.200000 0.200000 0.000000 0.200000 0.200000 0.200000 -0.000000 0.000000 -0.000000 0.000000 
0.333333 -0.000000 0.333333 0.333333 0.000000 0.000000 -0.000000 -0.000000 -0.000000 -0.000000 
0.333333 0.000000 0.000000 0.333333 0.333333 -0.000000 -0.000000 -0.000000 -0.000000 -0.000000 
0.250000 -0.000000 0.250000 -0.000000 0.250000 0.250000 -0.000000 -0.000000 -0.000000 -0.000000 
0.200000 0.000000 0.200000 0.200000 0.200000 0.200000 0.000000 -0.000000 0.000000 0.000000 
0.333333 -0.000000 0.333333 0.000000 0.000000 0.333333 -0.000000 -0.000000 -0.000000 -0.000000 
0.250000 0.250000 0.250000 0.000000 0.000000 0.250000 -0.000000 0.000000 -0.000000 -0.000000 
0.250000 -0.000000 0.250000 0.250000 -0.000000 0.250000 -0.000000 -0.000000 -0.000000 -0.000000 
0.250000 0.250000 0.250000 0.250000 0.000000 0.000000 -0.000000 0.000000 -0.000000 -0.000000 
0.333333 0.333333 0.000000 0.333333 -0.000000 -0.000000 0.000000 0.000000 0.000000 0.000000 
0.250000 0.250000 0.000000 0.250000 0.250000 0.000000 -0.000000 0.000000 -0.000000 -0.000000 
0.250000 0.000000 0.000000 0.250000 0.250000 0.250000 -0.000000 0.000000 -0.000000 -0.000000 
0.250000 0.000000 0.250000 0.250000 0.250000 0.000000 -0.000000 -0.000000 -0.000000 -0.000000 
0.333333 0.000000 0.000000 0.333333 -0.000000 0.333333 -0.000000 -0.000000 -0.000000 -0.000000 
0.250000 0.250000 0.000000 0.250000 0.000000 0.250000 0.000000 0.000000 0.000000 0.000000 
0.500000 0.000000 0.000000 0.000000 0.500000 0.000000 0.000000 0.000000 0.000000 0.000000 
0.333333 0.333333 0.000000 0.000000 0.333333 0.000000 0.000000 0.000000 0.000000 0.000000 
0.333333 0.333333 -0.000000 0.000000 -0.000000 0.333333 0.000000 -0.000000 0.000000 0.000000 
0.500000 0.000000 -0.000000 -0.000000 -0.000000 0.500000 -0.000000 -0.000000 -0.000000 -0.000000 
0.333333 0.000000 0.000000 -0.000000 0.333333 0.333333 0.000000 -0.000000 0.000000 0.000000 
0.250000 0.250000 0.000000 0.000000 0.250000 0.250000 0.000000 0.000000 0.000000 0.000000 
0.250000 0.250000 0.250000 0.000000 0.250000 0.000000 -0.000000 0.000000 -0.000000 -0.000000 
0.500000 0.000000 -0.000000 0.500000 -0.000000 -0.000000 0.000000 0.000000 0.000000 0.000000 
16
0
1
2
3
4
5
6
7
8
9
10
11
12
13
14
15
